Lowest LR: 1.725
Lowest Error: 10.9999961107652
1.5 18.3999912312385
1.525 18.3999940859004
1.55 18.3999956626645
1.575 10.9999968349702
1.6 18.3999976089682
1.625 10.9999971704936
1.65 18.3999986740064
1.675 10.9999989984119
1.7 25.799999240539
1.725 10.9999961107652
1.75 25.7999995575466
1.775 33.199998180098
1.8 33.1999967177719
1.825 25.799999777319
1.85 40.5999998416647
1.875 25.7999949479278
1.9 40.3999989073225
1.925 18.3999886492075
1.95 25.7999067796299
1.975 33.1999982533329
2 33.1999996030728
