Lowest LR: 1.225
Lowest Error: 10.9990373269964
1 18.4000001987304
1.025 10.9999644096302
1.05 18.3999649032828
1.075 18.3999288373953
1.1 10.9999979861242
1.125 25.7999809422009
1.15 18.3999324900138
1.175 10.9999996372669
1.2 10.9999657353424
1.225 10.9990373269964
1.25 18.3999998319386
1.275 25.7999614409291
1.3 10.9999993261616
1.325 10.9999989684971
1.35 18.399999914366
1.375 10.9996809645429
1.4 10.999922159273
1.425 18.3999644998895
1.45 18.3999805767348
1.475 33.1999877167347
1.5 18.399991231239
