Lowest MM: 0.3125
Lowest Error: 5.1388796225975
0.25 7.07950676129204
0.2625 7.61980283931665
0.275 7.18153556554136
0.2875 6.74219900693164
0.3 6.71125713533923
0.3125 5.1388796225975
0.325 6.5756537941257
0.3375 6.65374477939128
0.35 7.07800306497604
0.3625 8.12852939334785
0.375 7.10375438711485
0.3875 7.36063424369761
0.4 8.16481705215366
0.4125 7.25754184623012
0.425 7.35629692554709
0.4375 7.84904367220233
0.45 7.53161015236978
0.4625 7.25869912765365
0.475 7.56619768652
0.4875 7.30121313985226
