Lowest MM: 0.5375
Lowest Error: 5.74167734183129
0.5 6.42347254905859
0.5125 7.77007319285985
0.525 8.11846870352587
0.5375 5.74167734183129
0.55 9.49108192795792
0.5625 7.84920329896169
0.575 6.57849524389995
0.5875 7.47269897711147
0.6 8.17228167151763
0.6125 8.82631037222171
0.625 8.41945830611301
0.6375 8.95777567341112
0.649999999999999 7.42543113769958
0.662499999999999 7.92482802122621
0.674999999999999 9.15403330738103
0.687499999999999 7.88896967867814
0.699999999999999 9.56421453152472
0.712499999999999 8.91141653406899
0.724999999999999 8.54418407386803
0.737499999999999 9.07296401143458
0.749999999999999 8.48007456634753
