Lowest MM: 0.15
Lowest Error: 4.39592967915077
0 7.37610590918906
0.0125 4.91687900401504
0.025 7.5854621255372
0.0375 7.15616704163521
0.05 5.19827125328651
0.0625 8.07104802391232
0.075 6.04274420016968
0.0875 5.93867570605304
0.1 6.95463196074845
0.1125 7.22609650639685
0.125 5.78689213846207
0.1375 6.3752738624616
0.15 4.39592967915077
0.1625 6.2248795569582
0.175 5.45277403366163
0.1875 6.86419008996027
0.2 6.75047281144824
0.2125 7.24869887812343
0.225 7.4256850931796
0.2375 7.34511433293049
