Lowest MM: 0.8
Lowest Error: 8.26716816845827
0.75 8.4287976973406
0.7625 9.26120750867194
0.775 9.5248509049093
0.7875 9.2745423879801
0.8 8.26716816845827
0.8125 9.14676119303453
0.825 8.94481965941593
0.8375 9.41859049956117
0.85 8.36274177782985
0.8625 9.42488388204207
0.875 9.71777601185567
0.8875 10.0937381185243
0.899999999999999 10.9719706826693
0.912499999999999 10.9187024698057
0.924999999999999 10.9978321143323
0.937499999999999 10.9976088096667
0.949999999999999 10.9991741919404
0.962499999999999 10.999784322857
0.974999999999999 10.9998002753834
0.987499999999999 25.7999871817096
0.999999999999999 18.4
