Lowest LR, MM: 0.000171875, 0.25
Lowest Error: 3.86530924832325
0.25 0.00015625 5.20854614203946
0.25 0.000171875 3.86530924832325
0.25 0.0001875 4.69955253351076
0.25 0.000203125 4.45096914325886
0.25 0.00021875 6.38680175384981
0.25 0.000234375 5.56127922994841
0.25 0.00025 5.52692849645939
0.25 0.000265625 5.85288501347563
0.25 0.00028125 4.37703766725993
0.25 0.000296875 5.2667392753295
0.2625 0.00015625 5.28590932994533
0.2625 0.000171875 5.22698755788706
0.2625 0.0001875 5.80051519821878
0.2625 0.000203125 4.71618616338895
0.2625 0.00021875 5.07545930515624
0.2625 0.000234375 4.99623133464897
0.2625 0.00025 5.89792952365721
0.2625 0.000265625 5.1470729659226
0.2625 0.00028125 6.48271517859774
0.2625 0.000296875 5.25728086746099
0.275 0.00015625 4.98458858439201
0.275 0.000171875 5.6856335783292
0.275 0.0001875 5.45908880230902
0.275 0.000203125 5.48513447411918
0.275 0.00021875 5.37177880380584
0.275 0.000234375 5.46231573888965
0.275 0.00025 4.81911790900916
0.275 0.000265625 5.17543595614447
0.275 0.00028125 5.49000507853398
0.275 0.000296875 4.20148812639022
0.2875 0.00015625 5.13750719455342
0.2875 0.000171875 4.89838777991423
0.2875 0.0001875 5.05336001819548
0.2875 0.000203125 4.99380252111529
0.2875 0.00021875 4.94976171606443
0.2875 0.000234375 4.43110602501029
0.2875 0.00025 4.47321768928163
0.2875 0.000265625 5.3585289619011
0.2875 0.00028125 5.90870918416856
0.2875 0.000296875 5.78948580442351
0.3 0.00015625 5.6683750597966
0.3 0.000171875 5.04158893469037
0.3 0.0001875 5.73569769365926
0.3 0.000203125 4.83619706905247
0.3 0.00021875 5.66043552761155
0.3 0.000234375 4.75051777401394
0.3 0.00025 5.31876981310121
0.3 0.000265625 5.26725638140122
0.3 0.00028125 5.28553170074753
0.3 0.000296875 5.34887179178123
0.3125 0.00015625 5.97932939537433
0.3125 0.000171875 5.07807606201204
0.3125 0.0001875 4.58352587084712
0.3125 0.000203125 4.84451066946002
0.3125 0.00021875 4.77568342631084
0.3125 0.000234375 4.97969665549892
0.3125 0.00025 5.04362884328933
0.3125 0.000265625 4.03396829318063
0.3125 0.00028125 5.74493574824774
0.3125 0.000296875 6.32824410948928
0.325 0.00015625 4.69233018706443
0.325 0.000171875 4.56493521817662
0.325 0.0001875 4.93327891531537
0.325 0.000203125 5.22179975594256
0.325 0.00021875 5.49300709029068
0.325 0.000234375 5.00369453657707
0.325 0.00025 4.85331089899956
0.325 0.000265625 4.12807003240212
0.325 0.00028125 6.28924371025459
0.325 0.000296875 5.70943760368248
0.3375 0.00015625 6.43211465520707
0.3375 0.000171875 6.60531737873708
0.3375 0.0001875 5.09211264516813
0.3375 0.000203125 6.24769576366604
0.3375 0.00021875 4.87720914902581
0.3375 0.000234375 5.17846410140122
0.3375 0.00025 5.98490260621665
0.3375 0.000265625 5.66002154449679
0.3375 0.00028125 5.71806737765348
0.3375 0.000296875 6.57649091155847
0.35 0.00015625 4.55875010792132
0.35 0.000171875 5.39112799573971
0.35 0.0001875 5.55361219400836
0.35 0.000203125 5.47478746142258
0.35 0.00021875 5.1983522428678
0.35 0.000234375 5.7216437757022
0.35 0.00025 4.95547183671675
0.35 0.000265625 5.69019305855272
0.35 0.00028125 5.65076063528836
0.35 0.000296875 5.92879539136675
0.3625 0.00015625 5.33616664184631
0.3625 0.000171875 5.98379240774807
0.3625 0.0001875 4.37783482772802
0.3625 0.000203125 5.06589670572877
0.3625 0.00021875 5.11741126851676
0.3625 0.000234375 4.78414985044316
0.3625 0.00025 5.33923838270447
0.3625 0.000265625 5.16202798471402
0.3625 0.00028125 5.85801826378221
0.3625 0.000296875 5.9448775905112
0.375 0.00015625 6.03935843104792
0.375 0.000171875 5.24570200897994
0.375 0.0001875 4.80435794261084
0.375 0.000203125 5.91231810146936
0.375 0.00021875 4.34598324700185
0.375 0.000234375 4.99381749660465
0.375 0.00025 4.9688875359735
0.375 0.000265625 5.8052507526207
0.375 0.00028125 5.58033935601619
0.375 0.000296875 4.67142448261911
0.3875 0.00015625 4.88479724569566
0.3875 0.000171875 4.22358931856977
0.3875 0.0001875 5.36331979576503
0.3875 0.000203125 4.98537652721416
0.3875 0.00021875 6.10895840186582
0.3875 0.000234375 4.30437028560208
0.3875 0.00025 5.54346524759797
0.3875 0.000265625 6.30612887957977
0.3875 0.00028125 6.55708062549534
0.3875 0.000296875 4.85624805941259
0.4 0.00015625 4.93103403255762
0.4 0.000171875 4.59319796569727
0.4 0.0001875 4.25508161355383
0.4 0.000203125 5.89140457091991
0.4 0.00021875 5.34333356544038
0.4 0.000234375 4.90600644907832
0.4 0.00025 4.71621422168453
0.4 0.000265625 5.92745721104101
0.4 0.00028125 5.14196354679966
0.4 0.000296875 5.25609951541532
0.4125 0.00015625 5.17985169762599
0.4125 0.000171875 5.25073164768934
0.4125 0.0001875 5.75462854979155
0.4125 0.000203125 5.19355333156943
0.4125 0.00021875 5.03244083516743
0.4125 0.000234375 5.27743201364352
0.4125 0.00025 6.05334844292296
0.4125 0.000265625 5.27672256522771
0.4125 0.00028125 4.89323180314891
0.4125 0.000296875 4.93851773531174
0.425 0.00015625 5.63734158152229
0.425 0.000171875 4.92956057861329
0.425 0.0001875 5.9906309125801
0.425 0.000203125 5.4023670936395
0.425 0.00021875 4.72603706184559
0.425 0.000234375 4.20429670387704
0.425 0.00025 6.20110741739847
0.425 0.000265625 6.25796766594956
0.425 0.00028125 5.22977110498572
0.425 0.000296875 5.40045242164511
0.4375 0.00015625 5.07653444287465
0.4375 0.000171875 5.77938412192535
0.4375 0.0001875 5.26842850410363
0.4375 0.000203125 4.88337761099759
0.4375 0.00021875 4.75838349619307
0.4375 0.000234375 5.20836075456014
0.4375 0.00025 5.75241320435052
0.4375 0.000265625 5.44385994614093
0.4375 0.00028125 6.51075673399839
0.4375 0.000296875 5.02318047823667
0.45 0.00015625 6.39260968103928
0.45 0.000171875 5.62771669086924
0.45 0.0001875 4.88845944260927
0.45 0.000203125 5.31783515429612
0.45 0.00021875 5.05345835767605
0.45 0.000234375 5.03707871361886
0.45 0.00025 5.37550570720581
0.45 0.000265625 4.42677167747765
0.45 0.00028125 4.76851008162028
0.45 0.000296875 5.33227172576808
0.4625 0.00015625 5.06802362882846
0.4625 0.000171875 5.09692974709781
0.4625 0.0001875 6.14629474071305
0.4625 0.000203125 5.76842772902001
0.4625 0.00021875 5.41075395647782
0.4625 0.000234375 5.87197274330251
0.4625 0.00025 5.42530618400108
0.4625 0.000265625 5.60469220088057
0.4625 0.00028125 5.46370298322873
0.4625 0.000296875 4.74326375644412
0.475 0.00015625 4.91502359089922
0.475 0.000171875 5.98060947845156
0.475 0.0001875 4.01809736942785
0.475 0.000203125 4.51644071528945
0.475 0.00021875 4.18588568684792
0.475 0.000234375 6.24912853042914
0.475 0.00025 4.81285852247232
0.475 0.000265625 5.54777210010474
0.475 0.00028125 5.61129487458209
0.475 0.000296875 4.34239269604695
0.4875 0.00015625 5.71803357906445
0.4875 0.000171875 5.64198806593671
0.4875 0.0001875 4.58643073440992
0.4875 0.000203125 5.85502342620282
0.4875 0.00021875 3.93249081263388
0.4875 0.000234375 5.46808729926919
0.4875 0.00025 5.17534331048931
0.4875 0.000265625 4.39729833424446
0.4875 0.00028125 4.19673944959203
0.4875 0.000296875 4.59679564227709
