016.9706070192105
10.173467799202494
20.105407068386778
30.0758532083457706
40.0592611093681432
50.0486260329873885
60.0412257586371445
70.0357787132176111
80.0316016676203816
90.0282968694234618
100.0256169903012247
110.0234001409414846
120.0215359045719983
130.0199463842509556
140.0185750512290267
150.0173798881530319
160.0163290135212992
170.015397799349394
180.0145669194953091
190.0138209959539552
200.013147639754501
210.0125367584797935
220.0119800477654449
230.0114706121707406
240.0110026785840853
250.0105713768446197
260.0101725698807451
270.00980272079945604
