0 0 -2.05895163335526
0 1 0.754559409392031
0 2 -5.14079660725633
0 3 0.177411130045521
0 4 0.0646988950397247
0 5 -0.508233989140389
0 6 0.0592775020924313
0 7 2.19414681527328
0 8 10.2791923871856
0 9 0.394520268443396
0 10 -0.400795815488996
0 11 -0.262920943836957
0 12 3.1255473169836
0 13 4.59716040242591
0 14 0.042336506150527
0 15 0.543147742953336
0 16 0.786231277213664
0 17 0.190556590782085
0 18 0.032638889231172
0 19 0.533793407977161
0 20 1.59055045711963
0 21 0.353767222340967
0 22 1.57365238632532
0 23 -1.38332036186815
0 24 -1.36887855741973
0 25 -0.522538248543267
0 26 -2.86086462231253
0 27 1.80894748144252
0 28 -0.216499364158412
0 29 0.181734548357226
0 30 0.534470400014966
0 31 1.25273431956638
0 32 -0.987791624166582
0 33 -1.28895123534436
0 34 -0.597016655516526
0 35 -2.38492978940254
0 36 0.538301306908388
0 37 -0.0775768289602741
0 38 0.107922704661127
0 39 -0.95365362589838
0 40 0.663775325057777
0 41 -1.19072649459622
0 42 -2.43936635696985
0 43 -1.16859728112475
0 44 -1.14621688753153
0 45 0.213836632540344
0 46 0.259890702844441
0 47 0.464709252057472
0 48 -0.39397830404151
0 49 0.656350395365355
0 50 -0.284078324843285
0 51 0.46576928509367
0 52 -0.372338163203658
0 53 0.64541949070918
0 54 0.68734207151998
0 55 0.969830728575313
0 56 -2.03854836517046
0 57 -1.01980400336611
0 58 -1.38566181762218
0 59 -0.660078350717559
0 60 -2.06459163291909
0 61 0.4752130512303
0 62 0.489169538512845
0 63 -1.19379849713887
0 64 0.0126517968659315
0 65 -0.221769425017638
0 66 2.36925567913801
0 67 0.678442523362302
0 68 -1.49210900654057
0 69 -0.220302010435283
0 70 0.557740576081679
0 71 1.2329400540743
0 72 0.348749887314945
0 73 0.632168160131437
0 74 -1.50444888727003
0 75 0.00537999861542638
0 76 2.15715146737335
0 77 -0.652455853850387
0 78 -0.810678322737307
0 79 -0.238452879977775
0 80 -1.31801432955515
0 81 1.42535582300284
0 82 -1.34997891326824
0 83 0.290809743587243
0 84 0.23599962327086
0 85 1.33131051140258
0 86 -0.789156022751853
0 87 2.04263115044146
0 88 0.47538149814822
0 89 -0.703360229633555
0 90 0.738847770399184
0 91 0.673293117622866
0 92 0.075623103051668
0 93 -0.882645097347094
0 94 0.918598252297439
0 95 0.60618815355118
0 96 0.424056404856246
0 97 -1.41928376168449
0 98 -0.379310591445082
0 99 0.618818641769961
0 100 1.38181859618769
0 101 0.306475785828382
0 102 -1.07560647638072
0 103 -1.27151473766804
0 104 0.23609363712071
0 105 -0.179913320780513
0 106 -1.05863200239266
0 107 -0.464659302826933
0 108 -0.68000459265042
0 109 1.33852324843803
0 110 3.28262043553792
0 111 -0.0279529639263829
0 112 -1.44945992416823
0 113 -0.538391041961821
0 114 -0.942290240485021
0 115 -0.524647480448037
0 116 0.421131034043999
0 117 -0.468134306775378
0 118 0.844621535480623
0 119 0.194471675937974
0 120 -3.90690194495759
0 121 1.15533181910567
0 122 0.627179641002336
0 123 0.420991641574675
0 124 0.375353270937278
0 125 0.876400541929268
0 126 0.51593299266548
0 127 -0.895807358508426
0 128 -0.360410260405201
0 129 -0.471233335518232
0 130 0.613356881046794
0 131 0.0611781307760275
0 132 -1.73131999151923
0 133 0.335568651204477
0 134 -0.524818975244707
0 135 0.693073625843961
0 136 -0.578314200019523
0 137 -0.612977627330069
0 138 -0.0680829633769596
0 139 0.00703285613788242
0 140 0.587494240043866
0 141 0.32905195858863
0 142 1.04578525723504
0 143 -0.642804800198694
0 144 1.01705328434862
0 145 0.708891585107417
0 146 -0.597921626966874
0 147 -2.80533201551068
0 148 -0.703478389837663
0 149 -0.128237515102884
0 150 0.47148999918754
0 151 -1.35595367847225
0 152 0.559770853848329
0 153 1.29590193296137
0 154 -0.839106921595972
0 155 0.0857956488668912
0 156 -0.17148140050624
0 157 1.24412006016899
0 158 1.91543675938906
0 159 -1.18990738094891
0 160 -1.24171632280296
0 161 -2.01191667250775
0 162 0.31634630228123
0 163 -0.723269747410113
0 164 0.704972946979737
0 165 -0.243261661412306
0 166 -0.724520935419258
0 167 0.687629221454262
0 168 -0.984656681710981
0 169 0.188775425505313
0 170 -0.0781998136280902
0 171 -1.14816721146705
0 172 1.29677899605728
0 173 -2.38863535580679
0 174 0.950646099116134
0 175 -0.0482699553125552
0 176 -0.510052646904656
0 177 -1.61492531912447
0 178 0.427702070404331
0 179 -0.102787713608515
0 180 1.74624447668523
0 181 -0.154049796732398
0 182 -0.949420190175341
0 183 -1.60301895956875
0 184 0.757647170874175
0 185 2.28374910590561
0 186 0.178134277500545
0 187 -0.138277522289527
0 188 -1.37620061757106
0 189 1.75742951745583
0 190 -0.667988249318711
0 191 -1.85816724516197
0 192 -0.467190920793035
0 193 -0.750878438323323
0 194 -0.334787676011134
0 195 0.403762599948789
0 196 -1.20177094948349
0 197 -0.32237793660819
0 198 0.71067943199224
0 199 -1.14483540268857
0 200 -0.698392518368081
0 201 0.615360809466199
0 202 0.746735784974738
0 203 1.27756084905253
0 204 -0.195581542863056
0 205 -1.53995487111899
0 206 -3.22204346047443
0 207 -0.0324219170771321
0 208 -0.366174465666319
0 209 2.17479247851835
0 210 -2.49381286409343
0 211 -1.39200673061258
0 212 -1.38029266381649
0 213 1.10769957800813
0 214 -0.0114876757518923
0 215 2.2703859251148
0 216 0.559341373453208
0 217 -0.0276356442406012
0 218 0.081421478562528
0 219 -0.0274291623821036
0 220 -0.826629996321964
0 221 0.137514827280765
0 222 -0.150690099360345
0 223 1.76951252396439
0 224 3.17071694117441
0 225 -1.23923612150477
0 226 0.793378872480461
0 227 -0.487688454255098
0 228 0.936678983373189
0 229 -1.44401797016775
0 230 -0.315297483770008
0 231 1.38912365086418
0 232 1.13164013817991
0 233 0.958765575962757
0 234 -0.297794933889104
0 235 -1.76006271161169
0 236 -0.818114506950013
0 237 0.869098222735342
0 238 0.0940679501108648
0 239 2.64980672628733
0 240 0.530470284458982
0 241 -0.108104009469921
0 242 0.394913662618859
0 243 -1.48832420899322
0 244 -0.16536591125498
0 245 -0.555112845382437
0 246 1.58055779117981
0 247 -0.00541791936579222
0 248 -0.184600308354489
0 249 0.754317502042551
0 250 -0.416803279666726
0 251 -0.175121740441633
0 252 -0.762785683543804
1 0 -1.21845790779106
1 1 -2.22932628648251
1 2 1.45031424796524
1 3 -0.356605328531028
1 4 1.15985499357313
1 5 1.14877541872353
1 6 -0.720941209702008
1 7 -3.663133811324
1 8 -1.11315311306088
1 9 1.7502991570008
1 10 2.69796316783194
1 11 -1.00406490284788
1 12 -0.40996105012752
1 13 -0.196535000953051
1 14 -0.371251883637254
1 15 -1.29424506431127
1 16 0.288686102816702
1 17 -0.539505287521176
1 18 0.0369599773213989
1 19 2.08667538061411
1 20 -0.091676294977869
1 21 -2.50197883073804
1 22 0.274099387402206
1 23 0.28951177243888
1 24 -1.10678239941435
1 25 0.912738870756077
1 26 0.523157989772723
1 27 -1.2741330969104
1 28 0.318802938488417
1 29 -0.478894846984931
1 30 0.0709477133893756
1 31 -0.621207421783689
1 32 -0.727316318031366
1 33 -0.610857099290618
1 34 0.0739721705950182
1 35 0.279099253894387
1 36 1.19875818345551
1 37 -0.142013408364226
1 38 1.76275262769261
1 39 -0.26913862090488
1 40 -1.24307474739829
1 41 -0.0918675408010576
1 42 -1.85613056422891
1 43 -0.596883214897744
1 44 0.668113762588675
1 45 -0.392581979680644
1 46 1.03132842983557
1 47 -0.684047582561319
1 48 2.23789375380269
1 49 -0.46728027008621
1 50 -0.731406140304153
1 51 0.512519398526048
1 52 0.143111159541549
1 53 -1.83224920297837
1 54 0.877722971625349
1 55 -0.166071541217057
1 56 0.0275209490966473
1 57 -0.492031666609005
1 58 -0.547466740846913
1 59 1.52483913882987
1 60 -0.92226154105511
1 61 -1.12174763503002
1 62 -0.407554689675099
1 63 0.508514574467212
1 64 0.0155436352425695
1 65 1.72245469382697
1 66 -0.191607382393158
1 67 0.227736858353186
1 68 -0.797856875608649
1 69 -0.16882448343495
1 70 0.0126186571176948
1 71 -0.149890233291072
1 72 -0.556850738575656
1 73 -0.274844835979157
1 74 2.65229260787553
1 75 -1.04681190601213
1 76 -0.447287955861552
1 77 0.526455443446122
1 78 -0.364373871632612
1 79 0.103341312922228
1 80 -0.347580319479458
1 81 -0.723324352597062
1 82 0.014359020759927
1 83 -1.98400426761211
1 84 -0.969011508199151
1 85 0.113486819340021
1 86 -1.17925920873226
1 87 -0.451070252410485
1 88 -0.302125739036418
1 89 0.353241303407579
1 90 -1.93793507259227
1 91 0.214668872516682
1 92 -1.07746821621831
1 93 0.689458008348261
1 94 0.2672507175295
1 95 0.263976469526602
1 96 0.207669309155216
1 97 -0.048969372525642
1 98 1.83315596705272
1 99 -0.7861562067053
1 100 -0.609813081045247
1 101 0.723197298467239
1 102 -0.810777381373258
1 103 1.08194005317219
1 104 -1.35141972163126
1 105 1.19429970089647
1 106 -0.196999976877758
1 107 1.239272233515
1 108 0.898429701841945
1 109 -0.3859006489164
1 110 1.64844201804546
1 111 -0.25664873197037
1 112 0.422288202488804
1 113 2.60982341388954
1 114 -0.1867642030023
1 115 -0.451393133956439
1 116 -2.27697404918103
1 117 0.981425060726161
1 118 0.774390589544253
1 119 0.473576992431214
1 120 -2.03551890146852
1 121 1.33670383272724
1 122 0.579486510849367
1 123 0.331635731299905
1 124 0.184182456767737
1 125 1.3750057374747
1 126 1.40322335048755
1 127 0.0408695146344715
1 128 -0.18292786071947
1 129 -1.33608768296251
1 130 -1.04872362812355
1 131 0.1436632232518
1 132 0.22048533190399
1 133 -0.345841702232664
1 134 0.274718785827253
1 135 0.541330505745657
1 136 0.204847372777363
1 137 0.283549479540611
1 138 -0.13377163052127
1 139 0.367124043896534
1 140 -0.0830524177605032
1 141 -0.0396595993767711
1 142 0.335943413816588
1 143 0.816140570886024
1 144 0.239258470713656
1 145 -0.133545680859384
1 146 -0.536655791823206
1 147 0.671481870941407
1 148 -2.96709463127138
1 149 0.481118769267574
1 150 -0.231103771235863
1 151 1.27505184776929
1 152 -1.18457206461198
1 153 0.266477620062519
1 154 0.218566320431353
1 155 0.51617901124407
1 156 -1.03086982944497
1 157 -0.747205599976455
1 158 1.28909682199503
1 159 -0.257066143591709
1 160 1.28206804484858
1 161 -1.62650570020412
1 162 -0.658239449829604
1 163 -0.331266053859495
1 164 0.234257824484677
1 165 -0.760793359331859
1 166 -0.61552422617463
1 167 -0.631630275003701
1 168 -1.15405776731989
1 169 -0.0105141186727847
1 170 -1.05328818514378
1 171 -0.437906303585717
1 172 -0.168341739922508
1 173 1.895601013867
1 174 0.90864158622181
1 175 0.267569760235071
1 176 0.00421687885302263
1 177 1.24314489897057
1 178 -0.392933837810237
1 179 0.549032168165464
1 180 1.57740146225937
1 181 -2.11299161764471
1 182 -1.06978478402065
1 183 2.31384259247528
1 184 1.57725437694234
1 185 2.03801405143919
1 186 0.626674444862465
1 187 0.964554979351489
1 188 -0.52726663761393
1 189 -2.51671064478768
1 190 -0.199550669197486
1 191 0.189295836462232
1 192 1.23998073328064
1 193 0.198332925433986
1 194 1.26809995929104
1 195 0.400011033665762
1 196 -0.51294144500527
1 197 1.02291920633718
1 198 -1.05258685692582
1 199 -2.05990151858355
1 200 0.212146328005879
1 201 1.06769509403531
1 202 0.572292793447645
1 203 -0.864266154345431
1 204 0.298651085635518
1 205 -0.86548554719147
1 206 1.20064591178928
1 207 -0.224036515508846
1 208 1.55216584297932
1 209 0.563527079230479
1 210 -1.26150713341325
1 211 -0.720846188020862
1 212 -0.221574274616055
1 213 -0.378105060457601
1 214 1.14185528840524
1 215 0.40091389352595
1 216 0.322931455524198
1 217 0.517859016082489
1 218 -0.302619847235435
1 219 -0.630776268817644
1 220 -0.284175168913485
1 221 1.79324511125698
1 222 -0.680099288323374
1 223 -1.79051353199595
1 224 -0.814729659571575
1 225 -0.777130470700712
1 226 -0.206437436937707
1 227 0.560995644511015
1 228 0.147473697500283
1 229 0.886288833311903
1 230 0.713201086988799
1 231 0.353769059089178
1 232 0.650121407368286
1 233 -0.138620870304301
1 234 0.186220911888388
1 235 1.13138286717071
1 236 1.63716377716161
1 237 -1.00127251575885
1 238 0.579954502349242
1 239 -0.485479135845293
1 240 0.318225429216354
1 241 1.42498232457175
1 242 1.96895693075048
1 243 1.86810088204419
1 244 -1.33943846047657
1 245 -0.0387405183229739
1 246 0.896075141388248
1 247 1.94996947549996
1 248 -1.15456819925186
1 249 0.844203780102647
1 250 0.00485469594581612
1 251 -0.0664574970566268
1 252 -0.914250348435979
2 0 5.5355831912526
2 1 -0.19606169778194
2 2 -0.731330215449116
2 3 -2.25413942806773
2 4 -0.431940694334285
2 5 0.308921899932471
2 6 -9.15130981217917
2 7 1.96305437544955
2 8 -0.007073069030005
2 9 -0.763667636021925
2 10 -1.27876476659207
2 11 8.37700638964016
2 12 -1.83838601619869
2 13 3.15576107312738
2 14 0.881096255059996
2 15 -0.148784996032209
2 16 -2.03313159123969
2 17 1.54426638618559
2 18 -0.727093527873276
2 19 0.621972497788777
2 20 -1.11736951750409
2 21 0.343553527086137
2 22 0.452216451306606
2 23 0.888726040512958
2 24 -2.16488886112144
2 25 -0.405185445765431
2 26 -0.841128392469876
2 27 -0.671519111390541
2 28 -0.143275202225668
2 29 1.58057731395034
2 30 0.088182993615534
2 31 0.307147607634883
2 32 1.63888359593929
2 33 -0.887867434589031
2 34 -1.553089574509
2 35 0.87325614797848
2 36 -0.390661087815446
2 37 1.24160972206841
2 38 0.120228879883153
2 39 3.00115285498815
2 40 -1.12101137652678
2 41 0.166477519633698
2 42 1.20913119416949
2 43 -0.476325793881476
2 44 0.725855099216219
2 45 0.163057341593886
2 46 -1.04136598088594
2 47 0.849566976130286
2 48 0.937294979249089
2 49 -0.526017999475461
2 50 0.0279512262542276
2 51 -0.61940937947583
2 52 -1.11565238859736
2 53 -1.31007742791236
2 54 0.612841949960714
2 55 -0.101059078161117
2 56 -0.188761135133248
2 57 1.57779034821711
2 58 -0.201597120413573
2 59 -0.82695560495618
2 60 -0.0447551745869433
2 61 -1.03135712932107
2 62 0.508845701789698
2 63 -2.3639494475883
2 64 0.308069357960296
2 65 0.629309033915418
2 66 0.611398236944729
2 67 0.546461338004808
2 68 0.271112147881427
2 69 -1.3070597214266
2 70 -0.305469451182611
2 71 -0.112460336498605
2 72 -1.04428773533394
2 73 0.192157749032479
2 74 -1.81122035291643
2 75 0.366823779334577
2 76 -1.01705632892474
2 77 -1.14592497459126
2 78 1.50979194833678
2 79 -1.95410061081785
2 80 0.550813481667667
2 81 -0.195286063043017
2 82 0.292371545297053
2 83 0.469755328194283
2 84 0.902720970720842
2 85 0.500425425825643
2 86 -0.166222433547961
2 87 0.411272775060325
2 88 0.678363602337043
2 89 0.747881884279412
2 90 0.237909941426666
2 91 -1.13053804967617
2 92 0.986020136244172
2 93 1.19785101807588
2 94 0.942618469293786
2 95 -1.39651549058254
2 96 0.0326185441698025
2 97 1.33761793119916
2 98 0.662887754730795
2 99 1.27560722930461
2 100 -0.712203403540884
2 101 -0.336234890851719
2 102 1.62384159054556
2 103 -0.602179818248442
2 104 -2.11282247958652
2 105 -0.305690168106659
2 106 -0.666586541080139
2 107 -2.02368637014501
2 108 0.155379952344726
2 109 0.0110869066709814
2 110 -0.184498881656259
2 111 0.319482843092357
2 112 0.444062956748087
2 113 0.365496852164098
2 114 -0.207542008571213
2 115 -0.279576797385806
2 116 -0.353335664399682
2 117 1.37942458356145
2 118 0.106415373190922
2 119 -1.82297755703348
2 120 0.0297976454801714
2 121 1.53135913891366
2 122 -1.81872859852146
2 123 -1.78043394472397
2 124 -1.59612955024476
2 125 -0.380398649641408
2 126 0.0982847641446633
2 127 1.16169307561784
2 128 0.705522306434918
2 129 1.65821470690276
2 130 -1.68327912167251
2 131 -0.628310153089034
2 132 0.957116179817691
2 133 -0.377404217748544
2 134 -0.275599107643408
2 135 0.128895456625936
2 136 0.778804934866561
2 137 1.11322242528638
2 138 -1.25953097411621
2 139 -0.418174277191802
2 140 -2.64080526694804
2 141 0.359806176160015
2 142 -0.595762132589898
2 143 -0.580013124069853
2 144 0.223630806136477
2 145 0.179207811597477
2 146 -0.201837573965869
2 147 -0.0407975065149159
2 148 -0.367152579240541
2 149 -1.00567632044014
2 150 0.916260836621182
2 151 0.868819749204441
2 152 0.460656984930145
2 153 0.193717884022105
2 154 0.376794284015435
2 155 -1.61316316209946
2 156 1.26880200908902
2 157 -0.127318709666521
2 158 1.26594914385059
2 159 -1.67129198414965
2 160 0.920128691690596
2 161 0.546641375801633
2 162 -0.963177630462113
2 163 -0.36730815691217
2 164 1.57795744953462
2 165 -0.476393304320705
2 166 -0.630827447140833
2 167 -0.359622367681233
2 168 -1.51575141424009
2 169 -1.09711224428761
2 170 -1.36261776622441
2 171 1.08863817262751
2 172 -0.237250282781184
2 173 1.04502165736778
2 174 -1.74354476502648
2 175 -1.09181961987661
2 176 0.0236679775260986
2 177 0.393387717929125
2 178 1.50762544634058
2 179 1.664137349685
2 180 -0.989354946668488
2 181 -1.17696476861344
2 182 -2.36208379493168
2 183 1.89224404692052
2 184 1.335931688848
2 185 1.73568599818492
2 186 -1.40258448231878
2 187 1.22577299976497
2 188 -1.90272323835088
2 189 -1.12812869903588
2 190 -0.0519680353382965
2 191 0.430083118916967
2 192 -3.07770460060445
2 193 0.157093134603354
2 194 -2.14450854312437
2 195 -0.173089651842257
2 196 1.39318188729855
2 197 0.316557711362635
2 198 0.405285906378362
2 199 0.420760959163044
2 200 0.524523220269986
2 201 -1.66454864782712
2 202 -1.06080172182815
2 203 -0.875600885173544
2 204 -0.911043561969083
2 205 -0.437732797399298
2 206 -1.36782475999743
2 207 0.140659483188591
2 208 -0.151091511690229
2 209 0.228947354620067
2 210 -1.31963728911228
2 211 -1.18559406976947
2 212 -0.989514968402024
2 213 1.13724890364624
2 214 0.871004980939064
2 215 0.518508585653391
2 216 1.84130690255769
2 217 -1.01134301523889
2 218 -1.65743457931765
2 219 0.485835276797006
2 220 0.365638384258125
2 221 -0.00175494194352713
2 222 1.19313821995627
2 223 2.6262557031934
2 224 -0.49951801238465
2 225 -1.97063746213847
2 226 0.279376414319797
2 227 -0.0767172565032057
2 228 -0.890559384759875
2 229 1.29292463635442
2 230 -0.72079404162119
2 231 0.0883215787372078
2 232 -0.0815731825016078
2 233 -0.57894310979774
2 234 -0.00369532972703514
2 235 1.11084216694157
2 236 0.42697733588775
2 237 -1.30932194490138
2 238 0.388191372596358
2 239 -0.0317075786028427
2 240 1.27759729728622
2 241 0.911154930123333
2 242 1.20055373998141
2 243 -0.9889708486874
2 244 -0.357975039852418
2 245 0.122820365129734
2 246 0.0241181636432564
2 247 -0.617575332410651
2 248 -0.760311168223679
2 249 -1.13529929565075
2 250 0.431281067359063
2 251 0.0120459258612107
2 252 -2.93376663865879
3 0 -0.14703085034807
3 1 1.04424244901871
3 2 1.29334245398834
3 3 -3.47039490314504
3 4 -0.374307625944294
3 5 -0.475513603969667
3 6 7.13373829337737
3 7 0.0976529586987415
3 8 1.61323685531958
3 9 -0.109237352996131
3 10 -3.48874855902804
3 11 2.14531491462929
3 12 -0.923168741503045
3 13 1.05332060616647
3 14 1.68014707165097
3 15 1.81192629342631
3 16 -0.531969166819233
3 17 0.45072106494455
3 18 0.0489624193085876
3 19 0.952664635055446
3 20 -0.244956263113444
3 21 -0.124833420836462
3 22 0.560940191069548
3 23 0.699030897571354
3 24 1.22462019605885
3 25 0.0547420453731846
3 26 1.33299093301131
3 27 -1.61202662296287
3 28 -1.21161211014913
3 29 0.947213292545715
3 30 0.158480079549575
3 31 -0.773667267851254
3 32 0.400841465195814
3 33 0.832665502103265
3 34 1.12091397824829
3 35 -1.96404853344681
3 36 -0.0528230161615163
3 37 1.41776651236936
3 38 0.701623004874611
3 39 1.60269946738128
3 40 1.94775355898426
3 41 1.26507045599238
3 42 0.600945854201528
3 43 -2.20949482035848
3 44 0.946523695001608
3 45 -0.737427410430425
3 46 -0.439403771430518
3 47 -1.89779722770829
3 48 -0.06895334880612
3 49 0.439383415333743
3 50 -0.314093252144275
3 51 -0.239137547778299
3 52 -0.551824209000245
3 53 1.42851747171583
3 54 1.82898450925721
3 55 0.491204295844623
3 56 1.64554308142242
3 57 -2.47546773081558
3 58 0.308872127643354
3 59 0.630051359211717
3 60 2.24246378814241
3 61 -1.3933453414899
3 62 0.296631034595449
3 63 0.0541747360688457
3 64 -1.11128877345877
3 65 -2.1798538571146
3 66 0.956879796298442
3 67 2.57219565045623
3 68 1.38387350352311
3 69 0.602443631764817
3 70 0.695813551774421
3 71 1.34603783529959
3 72 -0.314807094808055
3 73 -0.491393869542411
3 74 -0.313816360388381
3 75 -0.931297562450964
3 76 1.29427384641105
3 77 0.53724760270436
3 78 0.380855556484245
3 79 0.41973115917013
3 80 1.00463162240309
3 81 1.20717038766931
3 82 -1.19182433495148
3 83 -0.739754630756419
3 84 1.10655097672453
3 85 0.0425064043504628
3 86 0.483779683233535
3 87 0.40121435489317
3 88 0.597982686031539
3 89 -0.446228334123194
3 90 1.05281013173508
3 91 0.399044938911144
3 92 -0.544792920831274
3 93 0.00927411871289006
3 94 -1.07289911284033
3 95 1.10673091049582
3 96 -1.59308878526411
3 97 -0.0107238507444703
3 98 -2.2070882526357
3 99 1.29370098257462
3 100 1.36108808150095
3 101 0.752796477840888
3 102 -0.349653537790419
3 103 1.37660647008826
3 104 -2.38696257374927
3 105 -0.0450234358561142
3 106 1.15183462426317
3 107 -1.7324137237461
3 108 0.287636136947594
3 109 0.813884087548962
3 110 -0.180165863038628
3 111 -0.576743380606709
3 112 2.1637946044231
3 113 1.66031038539763
3 114 -1.73471588805744
3 115 -1.94313788671699
3 116 -0.0564058154901165
3 117 -2.22460336803452
3 118 -0.283711642043223
3 119 1.22747094106319
3 120 -0.170537904586082
3 121 -0.754363606057991
3 122 1.60319874882588
3 123 1.20054700593898
3 124 1.59074515844392
3 125 0.147411792159423
3 126 -0.822157651613407
3 127 1.06569874824776
3 128 -0.572051580651318
3 129 -1.93997835784382
3 130 -1.24081882933764
3 131 0.637031505203572
3 132 -1.00676911367512
3 133 -0.824717583965226
3 134 2.44150684266269
3 135 -1.53174326099657
3 136 -0.750005018840472
3 137 1.05388377784068
3 138 -3.49130376469716
3 139 0.56080995532941
3 140 -0.477692808793578
3 141 -1.59970064969854
3 142 1.38903477254652
3 143 0.0445436992838631
3 144 -1.30835597681888
3 145 -0.35052802420266
3 146 0.180233466281221
3 147 -0.609814485655022
3 148 1.17382483327036
3 149 0.193173943166946
3 150 -0.551548332211833
3 151 1.71228510439982
3 152 1.04587480727097
3 153 -0.836129811407747
3 154 -0.372797658912417
3 155 0.468521892733245
3 156 0.919713822499418
3 157 -0.737936439804825
3 158 -0.0715697435718433
3 159 -0.965884492821944
3 160 -0.0704660505698618
3 161 0.96078417826514
3 162 0.728150148055289
3 163 0.070495268081871
3 164 0.562071340265681
3 165 -1.221113340903
3 166 0.454339781511954
3 167 0.333388851306549
3 168 0.368983283319154
3 169 0.804439862553428
3 170 -0.293242250215428
3 171 -1.5738415111586
3 172 -0.658677649048709
3 173 -1.22236960095547
3 174 -0.874239121825405
3 175 0.027108575081441
3 176 -1.23328985361402
3 177 2.62435125253661
3 178 2.08859346540013
3 179 -0.359015865596178
3 180 0.730194557003443
3 181 -0.777655986391313
3 182 0.00521120431177161
3 183 1.16895241066764
3 184 0.0702490006945368
3 185 0.974505670014273
3 186 1.74632991739141
3 187 -1.13799479660632
3 188 -1.47682012456085
3 189 -0.22075282299335
3 190 -0.241312760453899
3 191 -0.976497484456336
3 192 -1.1809225756952
3 193 -0.03842620663718
3 194 3.03529760284327
3 195 -0.36079314952201
3 196 -0.965159921201883
3 197 -0.554522103439339
3 198 -0.662334956257262
3 199 0.836332401009108
3 200 -1.06459022524398
3 201 0.288875074542857
3 202 -2.32505025699031
3 203 0.749098330310922
3 204 -1.606337236649
3 205 2.10675827285546
3 206 0.0577123148691181
3 207 0.319492483740323
3 208 -2.58797559831069
3 209 -1.6144108700776
3 210 -0.803063989862275
3 211 1.15453171261495
3 212 -3.02704567447177
3 213 -0.495239986486688
3 214 -0.848926252994327
3 215 -0.436626084203537
3 216 0.729985646599481
3 217 0.517599939788308
3 218 -1.46672306479622
3 219 1.27715335255585
3 220 1.54570271531613
3 221 -1.06407658298028
3 222 -0.924819285853864
3 223 0.608284686132707
3 224 -0.674796810718105
3 225 0.203838019867417
3 226 1.31808934817244
3 227 2.44146016148362
3 228 -0.336446387681298
3 229 -0.381027214895021
3 230 -0.298747843709357
3 231 0.922271081209111
3 232 2.7436747958926
3 233 -0.0690005968445614
3 234 0.92395051927884
3 235 -0.51045439377682
3 236 -0.496714291281756
3 237 0.497220112655779
3 238 -1.09442309029263
3 239 -0.545495771947843
3 240 0.566745627359298
3 241 -0.885240976420214
3 242 1.51012453536422
3 243 -2.05294631819727
3 244 -0.0350377797529513
3 245 0.919269737527439
3 246 1.62323829666985
3 247 -0.898245228526059
3 248 -1.00238508111029
3 249 -0.860863044763079
3 250 1.0292431083107
3 251 0.6932482337094
3 252 1.0660804038018
4 0 1.67884354775443
4 1 0.859329909353857
4 2 1.3089279255923
4 3 1.12772401460054
4 4 -1.18830299134903
4 5 -1.4626378556129
4 6 5.35200648768875
4 7 -1.17776180492122
4 8 -2.14140747933714
4 9 -1.44563635934511
4 10 -1.47878777494497
4 11 0.971952190063895
4 12 2.34917114818076
4 13 -0.734594561995947
4 14 0.746834099332149
4 15 1.0672816007386
4 16 0.282843595897988
4 17 -1.27722727919898
4 18 0.0764894452976573
4 19 -0.845025755055075
4 20 -3.25199964369325
4 21 -0.564443074514563
4 22 -0.720129574104858
4 23 -0.0832823583149421
4 24 0.443876709206536
4 25 -1.51741103755971
4 26 0.685882299113862
4 27 0.903051969949669
4 28 0.241130157357857
4 29 0.866893731973328
4 30 -0.624011133234386
4 31 0.885588326019758
4 32 1.45666060572147
4 33 0.852240646206292
4 34 -1.56466690100537
4 35 0.736965482187752
4 36 -0.28549442312782
4 37 0.199266105731071
4 38 0.250277909193963
4 39 -0.771864553206571
4 40 1.0564922165598
4 41 1.10747832052194
4 42 -0.259209925693462
4 43 1.52483176844662
4 44 0.922997094331726
4 45 1.63479504741671
4 46 -0.409889175769233
4 47 1.77611075650093
4 48 -0.196060863985772
4 49 -1.02624257280089
4 50 -0.537424689807822
4 51 -0.0783511611907723
4 52 -1.06945150166433
4 53 0.745491628142035
4 54 1.02799732070738
4 55 1.24483270529287
4 56 -0.61454689792269
4 57 -0.145989890298377
4 58 0.560507544274381
4 59 0.170949234643251
4 60 0.76525230849283
4 61 1.40160402722982
4 62 -2.18434400849313
4 63 -1.46857413093866
4 64 0.058342509963691
4 65 -1.55076211317982
4 66 0.340694339539116
4 67 -0.538515426339178
4 68 0.902159519029382
4 69 1.29367753055759
4 70 0.475606599206856
4 71 -2.01026525844285
4 72 -0.760483425999687
4 73 -1.62025446008358
4 74 1.65708407654401
4 75 1.82123231746728
4 76 0.841026865070097
4 77 -1.21918153344754
4 78 -0.935083508182131
4 79 -0.37591243153238
4 80 1.74420843721802
4 81 0.600254176914205
4 82 -2.78645862458919
4 83 0.049336607478318
4 84 -0.768399571720776
4 85 -1.34516126305933
4 86 -0.417186294483347
4 87 -0.0211790424617563
4 88 1.3319799150305
4 89 0.131775740788753
4 90 -0.0320973604306599
4 91 -0.590164342478181
4 92 0.8064699708563
4 93 0.488891686139849
4 94 1.229567759156
4 95 -0.0287878452818996
4 96 -0.840006336862541
4 97 -0.127988164867003
4 98 -1.36304542018281
4 99 -0.311926340054015
4 100 -0.0401672286357806
4 101 1.36915882853323
4 102 0.535402952260126
4 103 -1.65770265177057
4 104 -0.332795675378257
4 105 -0.948963279879806
4 106 0.928266948419456
4 107 0.327523462605558
4 108 -0.680596454920696
4 109 -1.11810627800398
4 110 0.0458247821532253
4 111 0.0833726527966296
4 112 0.261212197712152
4 113 0.242573426021821
4 114 1.34109090317897
4 115 0.405920667958817
4 116 2.12835544969008
4 117 0.803793561061751
4 118 0.0730886100503397
4 119 0.324541567863837
4 120 0.500277421399455
4 121 1.25146829757269
4 122 1.03744406097187
4 123 -0.810856768417044
4 124 -2.70376682603011
4 125 -0.0413076122516437
4 126 -0.50579798838639
4 127 -0.843221181348535
4 128 -0.0261174197678078
4 129 0.57710052612037
4 130 1.33370504514958
4 131 0.408514236826432
4 132 -0.603789337547517
4 133 -1.91171732632072
4 134 0.846141344735247
4 135 0.561728408668385
4 136 -0.199679521178709
4 137 0.488598217674273
4 138 -1.66366445264344
4 139 0.905658345346674
4 140 0.211006244270851
4 141 -0.383642220119028
4 142 0.516146804638835
4 143 -3.19419037373902
4 144 -1.0508396557278
4 145 -2.34952220163118
4 146 0.102559538012491
4 147 -1.66227814257442
4 148 0.960466388215344
4 149 0.158990639013157
4 150 -0.0278809272698832
4 151 -1.84580926216668
4 152 -0.489506975009342
4 153 -0.299733241468185
4 154 1.22830339107328
4 155 -0.858660581804382
4 156 1.3161557665315
4 157 1.0545176078844
4 158 -0.651817275211455
4 159 -0.697759450020223
4 160 2.0583376260481
4 161 0.924817490459908
4 162 0.710512583366576
4 163 0.00152361827010954
4 164 -1.67729501526005
4 165 -0.31582024662258
4 166 0.212568610459163
4 167 -1.2527145037741
4 168 0.0801629425901698
4 169 -1.07426518436809
4 170 0.512976840620678
4 171 1.08878506606234
4 172 0.446500940802486
4 173 0.144457746575385
4 174 -0.327591374530636
4 175 -0.0552443455374861
4 176 0.326018327122941
4 177 0.175689752819814
4 178 -1.05251313656714
4 179 0.571228355038786
4 180 1.28930946624225
4 181 0.361069515248688
4 182 0.0391126849002407
4 183 1.00839783720914
4 184 -0.0655658362222635
4 185 0.0624425059945103
4 186 -0.267248879478363
4 187 1.20797501284273
4 188 0.653448382928049
4 189 0.2296757219636
4 190 1.02414125043981
4 191 1.15152738643998
4 192 0.808008994839347
4 193 -2.26011272323186
4 194 -1.99948691354304
4 195 -0.769401948121438
4 196 -1.19107075290888
4 197 -2.00495890510007
4 198 0.0958281101234231
4 199 -0.292666353758545
4 200 1.19290358772448
4 201 0.868678943206702
4 202 0.274295798049481
4 203 0.994197763882489
4 204 -1.77630766555843
4 205 0.627052195990646
4 206 0.637200046419848
4 207 1.20391182102799
4 208 0.591961471239975
4 209 0.220331292568866
4 210 -2.04669390126262
4 211 0.437229770658378
4 212 1.20576059925444
4 213 -0.291250830578287
4 214 -0.432097043003174
4 215 1.36283754380953
4 216 0.173707461152197
4 217 -0.16594143857074
4 218 0.593689723775754
4 219 -0.313103881547131
4 220 -0.589243774008524
4 221 -1.25909234462297
4 222 1.18294507968761
4 223 0.394371572436182
4 224 0.0872248606922321
4 225 -0.833915275962524
4 226 0.677374318126083
4 227 1.63571185580063
4 228 1.32874032593244
4 229 1.43614978399961
4 230 0.334189310207502
4 231 -0.0882283006701415
4 232 -0.0842881493778224
4 233 -1.34070697836683
4 234 -2.42035503629837
4 235 -0.234445478797872
4 236 -0.942070227731791
4 237 0.252407482767903
4 238 -0.577958359036611
4 239 0.3973929604537
4 240 1.26448193010029
4 241 -2.07731902239782
4 242 0.938050900213092
4 243 0.628589470926505
4 244 1.6670783973717
4 245 -0.217943980352776
4 246 0.95537444172022
4 247 -1.2565285406091
4 248 0.870480633328326
4 249 0.981926359982337
4 250 -1.48134118349684
4 251 1.81353690026232
4 252 1.14098250207813
5 0 -0.253949209654131
5 1 0.905926577414356
5 2 -1.49806466610018
5 3 1.30968706101065
5 4 0.20762302745038
5 5 7.77242833643869
5 6 -1.22382664760599
5 7 -1.32276519682782
5 8 -1.55376297050063
5 9 -0.31403103360954
5 10 -0.182604762403298
5 11 -0.42018715404829
5 12 -1.8890330327667
5 13 -0.0459569877970497
5 14 2.10545713967097
5 15 1.81756862547599
5 16 2.3711279321954
5 17 0.341332516765254
5 18 1.29653503182402
5 19 0.0330333509006209
5 20 -0.559493785615384
5 21 0.996403631637739
5 22 -1.05694956524414
5 23 2.20089690547439
5 24 -0.11104351125519
5 25 -0.515226502304414
5 26 0.74435282278308
5 27 -1.58487507809031
5 28 1.04564948999716
5 29 -0.315906833378767
5 30 -0.440646455144769
5 31 3.68762092200716
5 32 3.77002116277521
5 33 -0.766797701083962
5 34 0.287741386779554
5 35 0.178571686369205
5 36 -1.28642835353489
5 37 -0.250958532334718
5 38 0.0746459441017901
5 39 2.33244794711547
5 40 -0.151040973537733
5 41 -1.37339636304811
5 42 0.53744406747996
5 43 -0.779874082924393
5 44 -0.544698918639793
5 45 -0.540856026737333
5 46 1.78938645834085
5 47 0.371919720677567
5 48 -0.266010193792784
5 49 -0.0515875647545759
5 50 -0.202839663007508
5 51 0.929137001995918
5 52 -2.0688932012922
5 53 -0.118115931349773
5 54 -0.944126680532766
5 55 -1.26121407447889
5 56 -0.0994894796283778
5 57 0.83802722313099
5 58 0.191609659241591
5 59 0.776590398738282
5 60 -1.40525421700407
5 61 0.602269671644521
5 62 -0.396898309240253
5 63 -0.917993712321724
5 64 0.551494122128062
5 65 -0.464122343427713
5 66 0.0217030528229281
5 67 0.326377379571339
5 68 -0.142463640577809
5 69 0.571664834194075
5 70 -1.20102359431136
5 71 -2.91916009500079
5 72 -0.533753074420026
5 73 0.18552382148086
5 74 -0.141493423587319
5 75 -0.749694629745777
5 76 2.01446347597685
5 77 -1.02891967656824
5 78 -0.291264411106298
5 79 1.30005724162313
5 80 0.172651551469934
5 81 -0.206688609700506
5 82 -1.32079681012868
5 83 2.16831193812497
5 84 0.630383213653755
5 85 -0.739689556081621
5 86 -1.14929001571168
5 87 0.882866279844105
5 88 0.573437641171603
5 89 -1.29244347057303
5 90 -0.391872761856521
5 91 3.41852403951567
5 92 0.862130724707329
5 93 0.619832248418036
5 94 -0.399844938614541
5 95 -0.699568824944896
5 96 -0.804730018072503
5 97 0.875200251286518
5 98 -0.833147532568706
5 99 1.79951595077261
5 100 -0.866014057686166
5 101 -0.898724462964443
5 102 1.1993514849267
5 103 2.35610000248873
5 104 -1.67631075319128
5 105 -0.221551664738292
5 106 -0.902226108759266
5 107 -1.63365529123501
5 108 0.515070256217579
5 109 1.62246895159751
5 110 -0.017523080211388
5 111 2.10567595222271
5 112 -1.16707313966053
5 113 0.0338981061458265
5 114 0.959362368654014
5 115 0.100917687755966
5 116 -0.158784108031591
5 117 0.994899236240408
5 118 0.913958265715915
5 119 -1.08157341242665
5 120 -1.30326791541331
5 121 0.948895779564124
5 122 -1.20358927919827
5 123 0.809925395365794
5 124 0.472998920075154
5 125 -0.226804677426002
5 126 1.26097259468965
5 127 0.985965850019934
5 128 1.25478683057906
5 129 0.170423850440031
5 130 0.617845046742152
5 131 2.55834999554241
5 132 0.521917001642641
5 133 -2.15364279605813
5 134 -1.81955004040235
5 135 0.0558905501247947
5 136 0.00121838382371718
5 137 0.594905208337264
5 138 1.05620600852357
5 139 -0.202039090484915
5 140 -0.831356787403859
5 141 -0.709653572372721
5 142 -1.96930540330065
5 143 -0.371871127517084
5 144 -0.419591352520034
5 145 -0.529204471349876
5 146 -0.763630781203203
5 147 0.304826537772581
5 148 0.265852760955942
5 149 0.412057517752849
5 150 -0.152261638474978
5 151 0.611161083125765
5 152 1.04953519775736
5 153 -0.0866955710586726
5 154 0.350341230395596
5 155 1.20189818889921
5 156 0.846798577317749
5 157 -0.83089400094655
5 158 0.82168045792118
5 159 0.937296660090053
5 160 1.37341082203173
5 161 1.3354431087099
5 162 0.246222739615076
5 163 0.263228534520112
5 164 2.1121111332011
5 165 0.0858705825207349
5 166 -0.585705062685289
5 167 -1.03315875298231
5 168 -1.00391664604499
5 169 -1.40758084799266
5 170 -0.618091248583115
5 171 -1.65968586238965
5 172 -2.1915101544412
5 173 -1.0788711088278
5 174 2.20506577999774
5 175 0.223293597927539
5 176 0.445637163735916
5 177 1.14616898707524
5 178 0.393847500908098
5 179 -0.539904890257431
5 180 0.445509967587237
5 181 -0.287261069317499
5 182 0.401038420077871
5 183 2.05136778149895
5 184 -0.109780966070695
5 185 -2.61783277458486
5 186 1.37496172883604
5 187 2.32937826690757
5 188 0.112346797309681
5 189 -0.752008172228835
5 190 -0.409879733630574
5 191 0.532552492455685
5 192 -0.383759186622476
5 193 -2.02136230937674
5 194 1.91046437953486
5 195 0.691459787751491
5 196 -1.10106202637422
5 197 0.246647802419452
5 198 0.312257730644484
5 199 -0.211224046015911
5 200 -0.174215318602478
5 201 -0.458477160211574
5 202 1.26593181105326
5 203 -0.473330243187346
5 204 -0.505574442529755
5 205 -0.00989076592490337
5 206 0.318254765257098
5 207 1.21797904153427
5 208 -0.591207089070109
5 209 1.1700106489391
5 210 0.552335078518565
5 211 0.851972350707467
5 212 2.4607050252744
5 213 -1.15014740921139
5 214 1.59570060895732
5 215 -0.358976876605448
5 216 -1.30880234298065
5 217 -0.409344091143136
5 218 1.15049934827755
5 219 0.34763782759213
5 220 3.85396304577191
5 221 -0.540158464898717
5 222 -0.428566687240527
5 223 -1.23544194741275
5 224 -0.744915416980069
5 225 -0.917566107578889
5 226 -0.12644470782043
5 227 2.25869377111284
5 228 -0.899657269286588
5 229 -2.07049196833037
5 230 0.0437581619856453
5 231 -0.260111049330865
5 232 0.444310641718316
5 233 1.09199551354522
5 234 -0.393626880414986
5 235 -0.791496484285873
5 236 0.0972884677699047
5 237 2.28976385911277
5 238 -0.205684548401466
5 239 -2.46306863415871
5 240 -0.816797835849064
5 241 -1.34210370148389
5 242 0.867516452854034
5 243 -0.813500476021286
5 244 0.357127799474305
5 245 -0.289604245450208
5 246 -0.242937172003401
5 247 -0.95712497871276
5 248 -0.9588003383784
5 249 2.83506752535479
5 250 -0.676802074627979
5 251 0.0241528991597927
5 252 -0.021885051822969
6 0 0.745723498097791
6 1 1.28227616590016
6 2 -2.73748141380552
6 3 -0.00756151976176667
6 4 -5.91761504676323
6 5 -2.56036237959091
6 6 -5.75210210057156
6 7 -1.16070367630877
6 8 0.277596987715216
6 9 -1.22286584627634
6 10 1.49010593648709
6 11 -1.87485323910359
6 12 -0.542017774215957
6 13 0.724954799994585
6 14 -0.79250563381204
6 15 0.794314027772623
6 16 0.88430787236303
6 17 -0.21695005016983
6 18 1.90154452458408
6 19 0.67230119385299
6 20 0.240462742157521
6 21 0.340568890097494
6 22 -0.67409702145539
6 23 -0.713152193715979
6 24 0.41790883557012
6 25 1.21030124379665
6 26 0.0870589804794874
6 27 -0.356771706774202
6 28 -0.424466590469579
6 29 -1.17977819244827
6 30 0.585700826916461
6 31 -0.201600926285145
6 32 -1.60980407078708
6 33 -0.358098439680245
6 34 2.43864672817514
6 35 -0.896502215967068
6 36 -0.714605500098869
6 37 1.33320425908944
6 38 -0.890389034218727
6 39 -2.26573056688205
6 40 1.6161482603702
6 41 -0.174820442159444
6 42 0.147615380191095
6 43 -0.486137755036843
6 44 0.446911119813782
6 45 0.735448401781719
6 46 1.04371526606857
6 47 0.0132534281588228
6 48 0.0357162213759792
6 49 0.124977001242644
6 50 0.1743341439229
6 51 0.26963149468028
6 52 0.136492681955107
6 53 -0.248873670805777
6 54 -0.143028838529362
6 55 -1.16899540144438
6 56 1.12383348580984
6 57 0.553882933505499
6 58 -0.43897079956648
6 59 0.168842496564595
6 60 0.921414101464186
6 61 0.110709528355474
6 62 0.0349136728178552
6 63 1.46056608829973
6 64 -0.302420465491363
6 65 -0.715162451951289
6 66 0.261793706945084
6 67 -0.451278554318283
6 68 0.404600422211245
6 69 -1.12426581533855
6 70 0.269336069122425
6 71 -0.173081405539079
6 72 -1.75109313190196
6 73 0.857841286612838
6 74 1.50724854979845
6 75 -0.717947351560438
6 76 1.12905414753368
6 77 1.43335556635126
6 78 -0.472138699894365
6 79 -0.520895556756883
6 80 -1.03928523668995
6 81 0.252243752198941
6 82 0.570332223459311
6 83 0.589281054825331
6 84 -0.283325231461711
6 85 1.10533189889518
6 86 -1.67352809468185
6 87 -0.805727687369896
6 88 -0.956674772563857
6 89 -0.0745272576137074
6 90 -0.633304671082766
6 91 -0.0317419593472594
6 92 -0.578957313109594
6 93 0.961003677963065
6 94 0.70970352158849
6 95 0.23061352035125
6 96 0.724132425265264
6 97 0.826096397767109
6 98 -1.34582845687764
6 99 -2.46202708425684
6 100 -0.408791187598187
6 101 1.11229467346464
6 102 -0.404275174303625
6 103 1.07216309464101
6 104 -0.484650367609753
6 105 1.00036661449092
6 106 0.0480358867559462
6 107 -0.614184340805366
6 108 1.20026493791642
6 109 -0.853560853243443
6 110 -1.04548748943753
6 111 0.447488234957949
6 112 -0.58759323080571
6 113 -0.054304556865378
6 114 -1.66822720659871
6 115 0.975516983939635
6 116 0.21528179416768
6 117 -2.59890485884415
6 118 -1.62194046364522
6 119 0.118846881493687
6 120 0.201002030559684
6 121 -0.936260153628731
6 122 -2.11174831775448
6 123 0.558608506507572
6 124 -0.812036834683811
6 125 -0.205688768882385
6 126 0.445935357503265
6 127 0.215358289590996
6 128 -1.29036020325822
6 129 1.91555871232109
6 130 -0.175763667640083
6 131 1.13469839737444
6 132 -0.850160351242209
6 133 -0.215400808413058
6 134 -2.05205198567447
6 135 -1.63269631594062
6 136 0.211146080434128
6 137 -0.00889127853170475
6 138 -2.11078313796564
6 139 1.56590150100282
6 140 -0.544729985957395
6 141 0.09173121057072
6 142 0.874901425694805
6 143 -0.554075202063555
6 144 0.821589996264343
6 145 -0.985710785148429
6 146 -4.07619498836504
6 147 -1.32383886548139
6 148 -0.513722362461373
6 149 0.407020902771937
6 150 -0.629697798119728
6 151 0.439684440293741
6 152 1.06495627411047
6 153 -0.925070022937589
6 154 -1.02588425929681
6 155 -0.770446895209163
6 156 -0.183159184173469
6 157 -0.181167891506312
6 158 -0.364213179004521
6 159 -0.532618952757071
6 160 1.92130210144482
6 161 -0.764791552066319
6 162 0.220423445879284
6 163 -2.55916188151483
6 164 -1.53322764361399
6 165 1.44596379341763
6 166 -2.43654367956286
6 167 0.455178752700016
6 168 1.7937580392637
6 169 -1.55295798334048
6 170 -0.686188864951436
6 171 0.194853019937374
6 172 -1.30548119212322
6 173 0.682766674626922
6 174 -0.266090100335125
6 175 -0.354500919722098
6 176 -0.274113894368207
6 177 2.63717540152832
6 178 0.607160590662164
6 179 -1.82564150381483
6 180 1.83669470670689
6 181 0.166314267135599
6 182 -0.360795694116583
6 183 -0.278795788873755
6 184 0.779178041776341
6 185 -0.284701523221024
6 186 0.192387512123385
6 187 -0.343204780605803
6 188 -0.184630461523725
6 189 0.74238025802627
6 190 -0.544332475311535
6 191 1.63238648861711
6 192 1.82642076703077
6 193 -1.07259672516189
6 194 -0.889053136331831
6 195 0.0174536982307334
6 196 0.914015374185596
6 197 1.09032172316543
6 198 1.36598111121213
6 199 -2.02154045927996
6 200 -1.46424270573505
6 201 0.519791444110547
6 202 -0.0788480014989409
6 203 0.125643506715711
6 204 -0.389081728882139
6 205 -0.227986096662673
6 206 0.377064891492854
6 207 -0.559965521799056
6 208 1.62077425885252
6 209 -0.0724315584024476
6 210 0.40431692397524
6 211 -0.798458796942032
6 212 -0.663415293764433
6 213 -0.382579346538753
6 214 -2.13022126648902
6 215 0.719069543749714
6 216 -1.31444342054221
6 217 0.933026706834851
6 218 -1.00944304602444
6 219 2.05764656660387
6 220 -2.0764340428796
6 221 -1.13484198968058
6 222 -1.23151771289645
6 223 0.539002542018216
6 224 0.129877993438902
6 225 -0.471452262742791
6 226 1.75353662384864
6 227 0.752761742768196
6 228 0.850070811387394
6 229 -1.77490798059882
6 230 3.91362247507518
6 231 1.1727756272986
6 232 0.351410331827257
6 233 0.22717343817104
6 234 -1.55938910348118
6 235 -0.605365630439402
6 236 -0.185958302864793
6 237 -0.574956153867781
6 238 0.266234743052843
6 239 0.399447932310982
6 240 2.05485447897723
6 241 -0.802779701566656
6 242 0.613256133909117
6 243 -1.40106046343499
6 244 0.198118129398018
6 245 0.790349268962248
6 246 -1.17817361505445
6 247 1.45675499637012
6 248 0.000322326509383711
6 249 -1.14107277275459
6 250 1.37478707331375
6 251 0.978527046288158
6 252 -1.09910578584441
7 0 0.895286634093789
7 1 2.8723071919725
7 2 0.384624772326653
7 3 0.89819938239551
7 4 -0.33468357099356
7 5 -0.364034738824807
7 6 0.086990364880052
7 7 -5.33915633825584
7 8 2.92397109556902
7 9 1.31407131307783
7 10 0.222233507854924
7 11 3.02676638044762
7 12 -0.23797297276408
7 13 0.224219479317963
7 14 7.88681507063793
7 15 -0.162864548173849
7 16 -0.457519961728361
7 17 0.828091663234047
7 18 0.950901345523499
7 19 0.10972225941782
7 20 2.83753865673878
7 21 -0.743112470541783
7 22 0.157257859373269
7 23 -0.395909235198175
7 24 -1.29159380952613
7 25 2.10388999899716
7 26 -1.83801968351174
7 27 -1.40920820974596
7 28 1.57007872577887
7 29 -0.0307438214389869
7 30 0.708282520677607
7 31 0.24174543580457
7 32 -0.187695629409675
7 33 -0.277967957997112
7 34 -0.626943250339549
7 35 0.119387705557101
7 36 0.822835966600088
7 37 -0.128925808944566
7 38 -3.19973530999041
7 39 1.58096547788266
7 40 0.364737916968533
7 41 -2.14540048162112
7 42 -0.0799213508672226
7 43 0.125726354792003
7 44 0.480991067977813
7 45 -0.871987791338548
7 46 0.114399613193722
7 47 -0.558153493074242
7 48 0.741488736374544
7 49 2.3101735392765
7 50 -0.0996794126558022
7 51 -0.681837996274318
7 52 0.633770435467162
7 53 -0.130987486000248
7 54 1.09694388012387
7 55 0.380770863411653
7 56 -1.42679421842323
7 57 -0.0242844711402994
7 58 0.737027013917728
7 59 0.166068023442468
7 60 -0.874390578804678
7 61 3.32859465832753
7 62 0.812124992858483
7 63 0.193097726061649
7 64 0.368959824532137
7 65 0.368068123657683
7 66 -1.15430081809745
7 67 0.217680877055399
7 68 0.379713485917207
7 69 -1.13669872319244
7 70 0.0838077534796081
7 71 1.0516613706209
7 72 0.219941617430969
7 73 1.47008679261888
7 74 -0.673932690824983
7 75 1.81249391911198
7 76 1.01175058329711
7 77 0.022460590729634
7 78 -0.264732535352132
7 79 0.481718272960699
7 80 1.08700146405966
7 81 -0.00526855674081508
7 82 0.132367430682999
7 83 1.05563365201963
7 84 -1.01237152535009
7 85 0.197016348799737
7 86 0.126936843479228
7 87 0.645128087174036
7 88 -0.790762374615038
7 89 -0.389350207330927
7 90 -2.65582919450729
7 91 -0.0789093769885611
7 92 1.3795676655095
7 93 1.50562739523228
7 94 0.948040068578056
7 95 0.480101581255398
7 96 -0.553455816480432
7 97 0.189838557264306
7 98 -1.56000435583796
7 99 -2.6922103601493
7 100 0.0438852983173402
7 101 0.0127057016808065
7 102 1.45274985554683
7 103 1.71415104435384
7 104 -0.94809282687267
7 105 -0.570114606337297
7 106 0.382956817145805
7 107 0.455819862505354
7 108 -0.156206396609424
7 109 0.904872588431979
7 110 0.606386685726432
7 111 0.0998020112645311
7 112 0.116523830526945
7 113 1.84512815251832
7 114 -0.146515152867527
7 115 -0.246852641243156
7 116 0.0528409942993086
7 117 1.8880598505619
7 118 0.334486301863635
7 119 -1.54103366058654
7 120 0.24512045684868
7 121 -0.777623606600014
7 122 -2.33686544587569
7 123 0.33444273045674
7 124 -0.526054320123526
7 125 0.353018728520864
7 126 -0.175727040697477
7 127 0.915888558228316
7 128 0.923977387323759
7 129 -0.347556493583162
7 130 0.340218480106569
7 131 1.14232955019753
7 132 0.0906389275403923
7 133 -0.410871396407513
7 134 -0.214217239827493
7 135 1.81991575942458
7 136 -3.1069658315047
7 137 1.32461340634936
7 138 1.76378793461924
7 139 0.425560242734831
7 140 -0.567152364961523
7 141 -1.75405556809855
7 142 -0.711417575290153
7 143 -0.313133227311813
7 144 -1.37309064192015
7 145 -0.0348714179537303
7 146 0.46587117227499
7 147 0.40068888850047
7 148 -1.65774908862801
7 149 0.593201590113342
7 150 1.49878048998787
7 151 -0.643003842571338
7 152 -0.190065411335437
7 153 0.772195925239473
7 154 -0.218459179650913
7 155 1.27132208217604
7 156 1.74805777269374
7 157 -0.288307061223699
7 158 -0.585335619144611
7 159 0.851665550078039
7 160 0.0304997324866589
7 161 -0.740574130516318
7 162 1.51333038721545
7 163 0.309907224295767
7 164 2.46801885377385
7 165 0.328188864851504
7 166 -0.354063129207315
7 167 0.737161563513351
7 168 1.55399541850266
7 169 -1.72325776779276
7 170 -0.11374532420682
7 171 -0.792387039014309
7 172 -0.382235872362137
7 173 0.613071749081199
7 174 -0.196716533672802
7 175 0.0474662219438993
7 176 1.25080865352969
7 177 -0.0571740093900458
7 178 0.458970043058815
7 179 0.163983209923295
7 180 -0.0591005624260855
7 181 0.475836548954094
7 182 -1.80546455993162
7 183 -0.458256696230375
7 184 -0.375049199193369
7 185 -0.3242169691531
7 186 0.273189712398219
7 187 1.70489153879393
7 188 1.01200453397132
7 189 -1.19483992104295
7 190 1.37679205674572
7 191 -1.46083576298165
7 192 0.560239351252898
7 193 0.085638171647205
7 194 -1.69651580070025
7 195 2.62093991034725
7 196 -0.690238296358432
7 197 1.1816204093874
7 198 -0.132686014010824
7 199 -1.98325669942101
7 200 -0.787209485945982
7 201 -0.242708179489108
7 202 -0.558301304042783
7 203 1.06909807163935
7 204 0.0484066319591411
7 205 1.52474084419537
7 206 1.77673907832274
7 207 0.577169735096375
7 208 0.140441566098704
7 209 -0.0361110181997199
7 210 -0.428827009333414
7 211 -0.21331833169941
7 212 -1.896750208865
7 213 -0.211736829080546
7 214 -1.5055109071374
7 215 0.734968513462573
7 216 2.60807290248097
7 217 2.28038559428039
7 218 -1.22769306686002
7 219 -1.23393467646763
7 220 -0.080745030462037
7 221 -2.14137290940252
7 222 -0.185539598813706
7 223 1.49752983245622
7 224 1.49702521415555
7 225 -0.034588402291587
7 226 0.432389869614256
7 227 -0.7531828596727
7 228 -0.494178228231566
7 229 -0.880372385572896
7 230 -0.314247018980516
7 231 -0.567659512563672
7 232 0.396938189333877
7 233 -0.179629015583047
7 234 -0.768007679714421
7 235 0.624405058185557
7 236 -0.827113338618899
7 237 0.189085634816201
7 238 0.90823673727136
7 239 -1.11128249499966
7 240 0.677809446043267
7 241 1.90322036872714
7 242 1.51554556157501
7 243 -0.248856409553249
7 244 -0.104863834408376
7 245 -0.441073524402339
7 246 2.25519736384202
7 247 -2.08846606102838
7 248 -0.671408895166544
7 249 -1.06286549359161
7 250 -0.383375620238208
7 251 -0.544779877709468
7 252 -1.72891603674698
8 0 0.512276903490859
8 1 0.87749908505003
8 2 -1.92884073148806
8 3 -0.216940161387635
8 4 -2.40410829944632
8 5 0.120343609945204
8 6 0.556732033127158
8 7 -0.269317655718382
8 8 1.70315567504987
8 9 -3.62069793403833
8 10 1.47995687783303
8 11 -0.0898185815182589
8 12 -0.496790056927834
8 13 -3.56650605442488
8 14 -1.09580311740665
8 15 0.972999464590824
8 16 1.11127356761819
8 17 -0.536028783210539
8 18 -0.0992579737387593
8 19 -0.246194786184705
8 20 -1.4778082023046
8 21 -1.92568580002452
8 22 0.520769858224636
8 23 -0.58364502633847
8 24 0.24359496094361
8 25 -0.817314825908212
8 26 -2.32004099439586
8 27 1.35998476600186
8 28 0.709749217350332
8 29 -1.25525397735491
8 30 -1.80758365622386
8 31 1.56280915450317
8 32 0.311784160803936
8 33 -0.0447726578697578
8 34 1.24687273509763
8 35 -0.418382784918758
8 36 0.00810842780058312
8 37 -1.24423792247054
8 38 1.42199660941804
8 39 0.0408203705443583
8 40 -0.35618668334947
8 41 1.88776332540667
8 42 -0.642553110023276
8 43 -0.539897907699113
8 44 0.201916660569577
8 45 -0.649973013929734
8 46 1.38364121958161
8 47 0.474753249883784
8 48 1.20056515205649
8 49 0.832239958368309
8 50 -1.49936841760141
8 51 0.45125730181668
8 52 -0.0533626187143386
8 53 0.707420966579179
8 54 -0.0949666562502077
8 55 0.408539403346359
8 56 0.119711508229286
8 57 0.888071009334819
8 58 -0.175735432441228
8 59 -0.292409264897028
8 60 0.103286728455836
8 61 0.0592889788852046
8 62 -1.1412736275802
8 63 -0.261971899217044
8 64 -0.0646212070035536
8 65 0.169746760877163
8 66 -0.553325015718964
8 67 0.806931305009427
8 68 -0.0615943521396865
8 69 0.614244436196497
8 70 1.14783755702601
8 71 -2.49404771288004
8 72 -0.419841326173986
8 73 0.329012477433805
8 74 -0.879283368390911
8 75 -0.762911401571885
8 76 1.07675395689167
8 77 -2.57708664768533
8 78 0.992144702244136
8 79 -1.23928368232553
8 80 0.220974324028203
8 81 -1.58991978398771
8 82 -2.56584112818037
8 83 -0.62974616113593
8 84 0.227894185106662
8 85 -0.659167016301703
8 86 0.340099611164553
8 87 0.486550113439562
8 88 0.160890779179553
8 89 -0.267980815379966
8 90 0.144578992692008
8 91 0.0709555600987383
8 92 -0.117581523010337
8 93 0.998386521880009
8 94 1.81035105419435
8 95 -0.176128997931867
8 96 -0.48337736092294
8 97 -1.64218479865559
8 98 2.54392357499042
8 99 0.319105589667693
8 100 0.250633908642122
8 101 -0.824274175267563
8 102 0.138183374707901
8 103 0.0615028579330689
8 104 -0.614742958169258
8 105 1.69605041097967
8 106 1.20205859960905
8 107 0.653166982883635
8 108 -0.622289540861982
8 109 -1.12744411914728
8 110 1.76567813472032
8 111 0.606381882158621
8 112 -0.11463005790184
8 113 0.910740578592274
8 114 0.986657695550136
8 115 -2.76444667847548
8 116 -1.33161533161495
8 117 0.478663216166723
8 118 0.512414875908134
8 119 0.167001490460792
8 120 -0.873405873948412
8 121 -0.830780050474027
8 122 2.02965829753876
8 123 -0.262957207494647
8 124 -0.284317660125059
8 125 -1.09173301192551
8 126 -0.59010986197187
8 127 1.99177413888577
8 128 0.595477845484331
8 129 -0.914706384749852
8 130 -2.25228572393125
8 131 -1.00373888656169
8 132 1.01441170357994
8 133 0.0860839739184146
8 134 0.464322949429173
8 135 1.40610970610834
8 136 -0.519520258769873
8 137 2.16315034691475
8 138 2.3310415183692
8 139 1.03093299781859
8 140 0.375157662820977
8 141 -1.07982699635478
8 142 0.87745989901139
8 143 -0.83070697590288
8 144 -1.59031423489061
8 145 0.945718167377514
8 146 1.08919678756192
8 147 -0.0477111321106744
8 148 -0.0778474322628872
8 149 0.190987775541354
8 150 0.515780795587928
8 151 -1.30651985199322
8 152 -0.124969333944426
8 153 0.235349205301493
8 154 0.835299094013016
8 155 -3.34487602745246
8 156 -0.799231560053155
8 157 -0.241037852116775
8 158 -0.00224968304457565
8 159 0.598317330424713
8 160 0.603578830258008
8 161 -0.925261088023491
8 162 0.644184761489451
8 163 0.249076482348618
8 164 0.137339068082327
8 165 2.10340350281558
8 166 1.89845871468991
8 167 0.906050835148027
8 168 0.175543192444707
8 169 0.0917345526592309
8 170 0.489613997025185
8 171 -0.306916713842535
8 172 -1.79991695099236
8 173 1.12996515173347
8 174 0.808347295594414
8 175 -1.88371390625883
8 176 -1.45974375530079
8 177 -0.209533943989743
8 178 -0.890921871493494
8 179 -0.591724067579911
8 180 -0.596199738057076
8 181 -0.329567907105467
8 182 1.85889978917904
8 183 -0.82912991567849
8 184 -0.989515873380705
8 185 -1.052882865451
8 186 -0.0988542953060703
8 187 0.46814776097709
8 188 0.959684209421622
8 189 -0.528990701725732
8 190 1.47606412207028
8 191 0.850210919796887
8 192 1.41142666683138
8 193 0.715466757087419
8 194 2.01262198562446
8 195 0.635479081239337
8 196 -0.497657471226945
8 197 -1.50839738657748
8 198 -0.192760062560247
8 199 1.10082352543727
8 200 0.4857030181811
8 201 -0.689085782252036
8 202 0.931423164889935
8 203 -0.129842716010257
8 204 0.00780718315137639
8 205 -0.757550762252014
8 206 -1.07892233920922
8 207 1.13983019123346
8 208 0.218137927568224
8 209 0.0364926834767986
8 210 0.425942543069313
8 211 -0.575949367261823
8 212 -1.064583501426
8 213 -0.705455097579843
8 214 -1.30384764173812
8 215 0.0596351570415152
8 216 1.21405128171775
8 217 0.380503966219379
8 218 -1.3668976450959
8 219 0.0316638967146316
8 220 1.67154288263665
8 221 1.45663503057328
8 222 0.776595331631041
8 223 0.21382558380181
8 224 0.652446127593537
8 225 -0.024881030380364
8 226 -1.8269938552961
8 227 -1.0772731745881
8 228 -1.77647154897669
8 229 0.780228162315291
8 230 -0.345202620471277
8 231 -1.73737735733838
8 232 -0.540292381490881
8 233 -0.464325515906629
8 234 0.0420328552908129
8 235 -1.14955465015322
8 236 2.04561387493032
8 237 0.463045887758328
8 238 -1.24039794803982
8 239 1.3035099873135
8 240 -0.0157343117814659
8 241 0.35189900981081
8 242 -1.93208861941643
8 243 -0.973581631381162
8 244 -0.453655183000694
8 245 0.507232457244891
8 246 1.73594630057128
8 247 1.05439144722472
8 248 -1.56730886782978
8 249 0.799701322459431
8 250 -0.471069175579918
8 251 -1.22369277872156
8 252 -0.245309435411041
9 0 -1.79042602774121
9 1 -0.360304593534386
9 2 0.674594204005137
9 3 -0.637338509876755
9 4 -2.02580329783405
9 5 1.07996650867263
9 6 1.45198498310877
9 7 2.99844779310072
9 8 -0.00294143018594826
9 9 -1.2193789225225
9 10 1.18333722268226
9 11 -1.9336737189889
9 12 -0.93763122421819
9 13 -0.204873704648022
9 14 -6.42364234689851
9 15 0.289766053634017
9 16 -0.938842263412606
9 17 2.06826197709162
9 18 1.78591754136576
9 19 0.474458054894896
9 20 2.24010742434857
9 21 -1.0010166409543
9 22 0.607964063740228
9 23 -2.12561512788565
9 24 -0.752872635095038
9 25 -0.944734951123012
9 26 2.47572189996485
9 27 -0.663948729655245
9 28 0.232562026007461
9 29 0.244035738243189
9 30 -1.30383598069396
9 31 -0.50136805865276
9 32 0.229088016485094
9 33 0.203029924298694
9 34 1.51312896199517
9 35 1.61773993605089
9 36 1.68853728351537
9 37 -0.149174076074264
9 38 -1.31591858380664
9 39 -0.586243311840686
9 40 -1.07933894921377
9 41 0.405338358213547
9 42 -1.51895930631852
9 43 1.82146228822854
9 44 -0.0338698407893417
9 45 0.323422104785386
9 46 -2.92419958866345
9 47 0.654710754861762
9 48 2.2372563922686
9 49 -0.934209335101113
9 50 1.89874321619309
9 51 0.135498183228731
9 52 -0.0385764201048734
9 53 1.17828200888362
9 54 -0.615338159720749
9 55 -0.917848264354348
9 56 -0.888585751112085
9 57 0.192302933954089
9 58 1.91219201597604
9 59 0.51697550858049
9 60 0.804830518180267
9 61 0.045319469316771
9 62 0.252459635903336
9 63 -0.874070721004473
9 64 -2.62234610772448
9 65 1.75108033968055
9 66 1.4303483190007
9 67 -0.625060753718003
9 68 0.0231385525968686
9 69 -0.527075397399856
9 70 -0.452434579199757
9 71 1.16371290770245
9 72 -0.71088373545411
9 73 0.127930373573179
9 74 -0.0354632954160305
9 75 -0.976399378070167
9 76 0.0823668625025041
9 77 -0.733021976978829
9 78 -0.183475271943569
9 79 1.32571553250856
9 80 0.906468164711193
9 81 0.116015538663806
9 82 0.209887176525834
9 83 0.273491055989513
9 84 -0.804706223672692
9 85 0.745385349545812
9 86 -0.00807386686024446
9 87 1.03207450922156
9 88 0.349488186349848
9 89 0.185407707292537
9 90 0.78339286147065
9 91 1.38254501342224
9 92 -1.84821030377951
9 93 0.601242661622846
9 94 -1.02914143458819
9 95 0.694199379303448
9 96 1.88928197483064
9 97 -0.521383736954336
9 98 -1.06012770900083
9 99 0.286612064342941
9 100 -0.270813034970354
9 101 -1.2749979311482
9 102 -0.186526546500264
9 103 0.558949321430412
9 104 0.639097767028167
9 105 -0.849626487730222
9 106 -1.03761295627079
9 107 0.329800002819607
9 108 0.057262577269836
9 109 1.15873472489842
9 110 0.838366838134774
9 111 0.181944870261723
9 112 -2.5377059071657
9 113 -1.21961212218934
9 114 0.0831642657518854
9 115 2.03392903835841
9 116 1.61747419441545
9 117 -1.05509513243375
9 118 -0.747595700694916
9 119 0.0654368088487461
9 120 0.982401193950804
9 121 -1.60175782883747
9 122 0.344159135695688
9 123 -1.78983740741747
9 124 2.13654045471753
9 125 2.16730029176439
9 126 0.57289682714205
9 127 1.44426374057517
9 128 0.345648588397723
9 129 0.415141156129682
9 130 -0.868342649747871
9 131 -1.24412719126398
9 132 -0.634547243284847
9 133 0.44443595707246
9 134 0.519786058126835
9 135 1.49536713783605
9 136 -1.1388626402756
9 137 0.162443146558559
9 138 1.38310388970903
9 139 0.417689553392499
9 140 1.27652099002186
9 141 -0.104914702072212
9 142 1.66442578785768
9 143 -0.643788466877347
9 144 -3.27107841811913
9 145 0.143575182267964
9 146 -1.87687339494015
9 147 -1.09643448711659
9 148 1.10114206908783
9 149 0.0756301186993425
9 150 0.749826046534431
9 151 -1.33435779371398
9 152 0.877187635408351
9 153 0.157016213504831
9 154 -1.0113739681954
9 155 0.522976548827943
9 156 0.0390974844735442
9 157 -0.241656394611389
9 158 -0.327920625143755
9 159 -1.57944749480604
9 160 0.505214793510217
9 161 0.994802318624364
9 162 -0.622728362547248
9 163 -1.44257776982105
9 164 1.25624450131715
9 165 0.342925755124851
9 166 -0.0746439257763239
9 167 1.33360036155944
9 168 -0.0822064926331266
9 169 0.30516394396808
9 170 2.19872196908009
9 171 -0.453448086713835
9 172 1.06633056516532
9 173 0.862380588108558
9 174 -0.164236072126261
9 175 -0.277282020364446
9 176 0.319083476115138
9 177 -0.686612425542192
9 178 1.06987567893167
9 179 1.79098735959924
9 180 1.37797300359247
9 181 -0.230602030381332
9 182 0.0549360103699603
9 183 -0.881131397809754
9 184 -0.362424543472487
9 185 0.285394906327533
9 186 -0.733558072101854
9 187 2.77394607662791
9 188 1.08524342402927
9 189 0.579580448634285
9 190 1.567406675205
9 191 -1.66896281340702
9 192 -0.492697009591068
9 193 -0.358700903440189
9 194 0.246243827638587
9 195 1.59484028215331
9 196 -1.44149916183169
9 197 -0.133169093973165
9 198 -0.498635117120969
9 199 0.268819253518941
9 200 0.986322588493071
9 201 0.773398160989126
9 202 -1.18495653437816
9 203 -1.55728291206407
9 204 -0.717966127760122
9 205 -0.267678958539948
9 206 -1.18072280318806
9 207 -0.6990951505725
9 208 -1.55250413525277
9 209 0.958851582261501
9 210 0.479618786034185
9 211 -0.608450102426381
9 212 -0.668495261876444
9 213 -0.819891663965892
9 214 1.55964472110928
9 215 2.33160939757739
9 216 0.512277588227001
9 217 2.27090196452759
9 218 0.446259499597496
9 219 0.640594866919767
9 220 0.350644767739992
9 221 -2.65838470721764
9 222 -0.0582742611674675
9 223 -0.609432024533918
9 224 -0.786379927362845
9 225 0.907872497286347
9 226 -0.651651512774404
9 227 1.69856318297146
9 228 -0.691897446578347
9 229 -2.18253784951757
9 230 -0.212994986065271
9 231 -0.428604279159342
9 232 -1.77312593008054
9 233 0.565917948747224
9 234 -0.35133819060035
9 235 1.37804349239134
9 236 -0.0538504363383325
9 237 1.14034988946942
9 238 0.838958080977686
9 239 -0.191624331860483
9 240 -0.392304196245089
9 241 -1.03538642009212
9 242 -1.19223415318011
9 243 -1.68093390688415
9 244 0.0366073399175283
9 245 2.50356573575198
9 246 2.12703218094981
9 247 0.00625336552138217
9 248 1.4366434414979
9 249 -1.48183369683573
9 250 -1.14118264394935
9 251 -0.000386246039638493
9 252 0.943629146812876
