Lowest SF: 0.51
Lowest Error: 0.666666666666667
0 1
0.01 1
0.02 1
0.03 1
0.04 1
0.05 1
0.06 1
0.07 1
0.08 1
0.09 1
0.1 1
0.11 1
0.12 1
0.13 1
0.14 0.944444444444444
0.15 0.888888888888889
0.16 0.888888888888889
0.17 0.888888888888889
0.18 0.888888888888889
0.19 0.833333333333333
0.2 0.833333333333333
0.21 0.833333333333333
0.22 0.833333333333333
0.23 0.833333333333333
0.24 0.833333333333333
0.25 0.833333333333333
0.26 0.833333333333333
0.27 0.833333333333333
0.28 0.833333333333333
0.29 0.833333333333333
0.3 0.833333333333333
0.31 0.833333333333333
0.32 0.833333333333333
0.33 0.833333333333333
0.34 0.833333333333333
0.35 0.833333333333333
0.36 0.833333333333333
0.37 0.833333333333333
0.38 0.833333333333333
0.39 0.833333333333333
0.4 0.833333333333333
0.41 0.833333333333333
0.42 0.833333333333333
0.43 0.833333333333333
0.44 0.833333333333333
0.45 0.833333333333333
0.46 0.833333333333333
0.47 0.833333333333333
0.48 0.833333333333333
0.49 0.777777777777778
0.5 0.777777777777778
0.51 0.666666666666667
0.52 0.666666666666667
0.53 0.666666666666667
0.54 0.722222222222222
0.55 0.722222222222222
0.56 0.833333333333333
0.57 0.722222222222222
0.58 0.777777777777778
0.59 0.777777777777778
0.6 0.777777777777778
0.61 0.777777777777778
0.62 0.777777777777778
0.63 0.777777777777778
0.64 0.777777777777778
0.65 0.777777777777778
0.66 0.777777777777778
0.67 0.777777777777778
0.68 0.777777777777778
0.69 0.777777777777778
0.7 0.833333333333333
0.71 0.833333333333333
0.72 0.833333333333333
0.73 0.833333333333333
0.74 0.833333333333333
0.75 0.833333333333333
0.76 0.833333333333333
0.77 0.888888888888889
0.78 0.888888888888889
0.79 0.888888888888889
0.8 0.888888888888889
0.810000000000001 0.888888888888889
0.820000000000001 0.944444444444444
0.830000000000001 0.944444444444444
0.840000000000001 0.944444444444444
0.850000000000001 0.944444444444444
0.860000000000001 0.944444444444444
0.870000000000001 0.944444444444444
0.880000000000001 0.944444444444444
0.890000000000001 0.944444444444444
0.900000000000001 0.944444444444444
0.910000000000001 0.944444444444444
0.920000000000001 0.944444444444444
0.930000000000001 1
0.940000000000001 1
0.950000000000001 1
0.960000000000001 1
0.970000000000001 1
0.980000000000001 1
0.990000000000001 1
